70
114
4
69
39
-56
-100
29
-109
-115
107
-34
32
53
104
127
-45
48
93
-24
-17
89
37
-20
77
-79
-27
91
-114
117
-52
-2
37
35
-124
-64
110
123
-52
-78
115
-67
-111
77
-80
81
-9
-91
50
-93
-5
87
18
-94
-125
-82
90
-128
-107
-14
-15
-6
-113
-86
-7
-1
-59
95
-29
106
-101
-84
-13
-58
-116
76
57
-22
-87
-63
111
84
113
101
-65
-12
123
-112
51
103
62
-2
-51
-38
97
99
1
-95
-96
-92
-44
44
-3
17
34
20
40
-60
49
11
73
125
27
-103
86
-19
120
-90
16
65
-23
-16
25
80
75
46
92
19
74
21
122
-21
-43
83
85
-46
-75
-89
-81
-4
-53
-73
60
-55
-28
61
102
-40
63
-57
56
22
-119
-105
45
-97
7
-42
-66
3
28
36
0
-50
54
33
82
79
-127
14
6
109
31
-33
-36
116
-126
118
23
71
-88
-105
41
126
-117
-121
-10
-99
-100
8
-68
-128