63
80
0
0
0
0
0
0
0
-94
0
0
-8
22
-23
0
0
0
0
0
0
0
0
-49
69
-119
117
0
-69
91
0
-2
33
0
0
0
0
0
-73
78
0
-124
-110
25
48
-98
34
-85
0
0
14
0
0
0
0
0
0
36
-109
0
7
52
-99
-75
-70
56
68
-117
0
21
0
-71
115
57
0
0
0
0
102
24
83
-4
0
-31
-46
72
20
0
0
0
0
-47
-80
77
75
-67
0
0
0
0
0
0
0
0
0
0
0
0
0
0
-1
0
-108
-96
54
-63
0
0
0
-81
55
66
0
0
0
-111
-58
2
71
101
0
0
0
-62
-127
0
23
-72
4
0
0
0
0
13
0
0
122
-48
0
89
32
10
0
0
0
0
-16
-34
0
0
0
0
-86
-19
-76
100
-125
76
0
67
0
11
121
-61
9
3
-10
0
97
-12
0
0
0
0
0
0
5
1
0
0
0
0