-7719
1316
6841
-448
-1747
543
4924
5922
5112
1298
-148
4876
0
-2881
3854
1952
-2709
186
-925
-388
4554
-3720
-443
-476
3329
2248
-5901
-1400
-775
-1530
2382
-4323
702
9057
-13345
2650
3373
12247
-19
5649
-385
-11407
-7586
8742
-3627
7483
-2115
-1137
-13856
-8151
515
6209
2616
-11303
-8584
-8249
12836
11641
-7073
7483
15313
2688
11453
-767
3511
-445
0
-13842
684
2911
2165
8443
-70
-2862
-2027
-2341
445
-900
-1476
4711
-1883
-870
-5031
-7798
10004
-10192
97
903
4610
11598
-11215
-16608
-14962
-4620
507
-4537
-1143
2158
2306
2406
25258
6035
15806
6057
-1371
-3438
-3782
7226
-217
-3385
1412
-5557
3691
-4360
2523
4184
-1788
-3197
-3689
-5999
5238
-4163
-6606
-16352
66
-6739
-238
-11749
0
0
-30
-170
54
-68
228
-113
79
170
-119
0
0
0
6
128
-4235
-11014
-4839
-3969
13176
-10380
-11844
-6955
5315
2811
-9815
-6512
5479
-544
5871
536
9393
-10699
7120
102
3224
4800
14696
-3479
9042
-4858
5473
-7838
7005
-6588
-1512
-2417
584
-6919
-3585
868
-558
-14072
936
-1184
-4298
9998
6324
3401
2143
3834
1202
5503
0
8565
-3657
630
976
16108
3940
1430
-3138
-10088
-2128
2028
-9308
100
-2401
-3893
13327
-3285
1822
-17114
-24658
-2817
1476
12905
1522
-6375
7022
-9170
489
-497
-7534
11183
-610
-6470
8056
11168
2686
10541
10875
-6574
-3727
-575
8161
-2816
5128
-4236
1937
-5752
66
53
0
63
625
-90
-9
-250
-495
-45
-176
212
0
7
0
-71
1981
-6114
0
5204
0
-8320
10434
13526
-11158
-2982
0
7634
-138
-3205
82
11134
-2320
0
-2667
1713
2891
-5748
4459
2168
-4045
-4572
2145
-3356
361
1283
92
5197
-6924
215
17783
-9243
-170
118
6559
-14037
-2622
27827
-5943
-8385
-13080
8036
6935
-10468
-2230
-22131
-8174
1095
5015
-19535
4700
35142
-16726
-2859
7419
4430
11107
7319
-8299
8852
-12044
3939
1484
-167
-185
2928
-4868
-13493
10249
7996
1492
-326
86
1819
48
-2946
7828
5252
-13905
4848
4189
657
587
2744
-7304
-22151
6672
-3038
-19852
-3222
11561
10195
-2693
12771
-1314
4223
1706
-5302
3023
13397
-1233
84
-4389
3970
1154
6453
-1191
-421
7570
-144
2106
4078
4204
1911
-4047
3944
-15368
-9373
-3735
-15625
-5923
2963
2318
6977
-23
0
0
0
-183
156
205
58
0
0
0
0
29
8
0
31
-1363
972
-7832
15
4779
-5517
-8016
21068
-3043
-7328
-7082
-10106
-13370
3931
577
6033
1504
821
-6290
4499
0
8770
-23222
18673
-7560
12143
-3048
6848
5586
6148
-6698
-9187
3702
424
-18015
-2063
-859
1528
-7448
1717
14338
-8921
8187
3901
8269
3691
-4384
-4633
-5000
7646
14417
-1590
-249
-525
11804
-16035
2579
9932
-10016
-6290
-6032
-7312
4240
2434
-6791
-2843
1183
-2256
-4484
18640
-18456
-30371
10195
18688
7135
78
-195
4448
969
-12874
10961
-1129
-2593
4288
940
-1545
-3401
17881
1121
-9700
-5946
-548
13038
-625
-6932
4682
-104
605
90
0
0
142
36
-54
505
-591
-225
-125
29
-20
-51
0
