73
-26
-66
-51
-114
-35
-20
70
-56
-54
80
109
-24
71
125
-32
-42
-84
87
-109
20
36
-101
106
3
-99
115
-102
-47
72
-9
-78
119
37
51
-96
60
-95
-117
35
91
-29
94
63
-71
-82
-21
-67
-122
53
100
-107
127
13
-73
97
95
-58
2
6
47
90
55
-15
-89
40
76
7
-48
8
85
124
122
75
102
17
-74
-64
41
-108
1
24
-30
26
-4
120
-44
48
62
-100
-112
-37
38
32
14
5
-98
-55
-28
92
-115
10
81
-128
-60
0
59
126
118
88
-86
-113
-94
33
15
39
61
-75
19
107
25
27
29
50
-36
-12
-39
-104
-79
-34
-3
89
-10
-1
-8
18
52
116
65
-23
28
49
69
-77
-94
60
94
-39
-27
68
-32
51
64
-81
10
86
-65
-114
-77
4
-26
-93
105
63
45
-83
-72
75
-21
-58
-106
41
11
-90
-12
88
57
-40
48
-29
-101
16
-60
17
23
-80
31
-96
59
49
-10
98
-38
84
66
-7
19
-3
-63
-8
-50
112
-14
96
-111
28
58
110
118
-127
-23
-9
-98
-113
-87
1
-46
117
-44
114
2
-122
107
80
9
111
40
127
108
67
-17
38
100
123
-67
-1
-69
46
-66
73
93
-109
0
90
-47
-2
25
-76
-41
-118
-43
-59
15
-42
-45
-82
87
-88
-84
13
91
-53
69
-24
119
-92
-74
-73
7
-22
104
-128
116
-19
113
109
-16
124
30
-20
-117
-120
99
-5
62
-55
71
29
-49
17
108
-72
63
-92
-102
92
35
93
-64
-65
47
96
-27
32
2
40
124
22
-47
-105
-39
-41
-15
69
121
-10
119
43
-18
28
118
-33
79
27
82
-76
45
48
-120
-12
-61
72
113
13
94
-114
-67
-109
126
83
102
-122
-54
123
-68
34
-93
-81
87
74
8
11
106
-50
-100
71
98
114
115
-25
49
-26
42
-74
89
24
78
-83
-66
-88
18
44
36
-128
67
-31
99
109
-125
77
-116
101
-5
-22
-8
-7
-14
-52
60
-34
38
57
-85
64
86
68
-95
0
-44
-111
-35
9
127
-42
-40
14
15
-106
1
-13
88
23
80
70
95
-11
-1
33
-104
59
66
-90
61
-107
-46
54
19
110
51
30
-86
-59
-102
-91
42
-126
14
62
117
64
-120
97
-8
-20
-105
-34
-53
28
-48
0
-75
-90
-87
-38
126
-13
120
-100
66
27
20
-123
-81
-25
-88
125
68
-94
-45
-43
13
-114
-61
122
-119
-117
-125
32
-11
-28
110
57
71
-27
112
77
76
80
81
-70
119
-115
102
24
19
17
74
-118
-56
89
79
69
-62
-84
45
-77
95
72
-82
82
-19
-106
67
-74
111
15
39
-29
-109
-107
9
85
-98
109
-52
-15
4
46
-18
103
-1
33
-68
7
118
18
31
-22
-35
-67
-21
-78
63
96
-111
41
86
83
-113
-9
123
-37
92
114
-12
-41
93
-26
-4
-5
47
-59
-46
35
-104
10
55
3
116
-69
61
1
-47
-51
-128
-101