-5847350
-3285036
-6896957
-6339050
3644390
3585005
2025204
-7585815
8115905
6583437
-4288405
-3953304
5595125
-3942145
4199141
5448343
-6753028
-1922167
4736864
5213431
6364365
3328637
-6145952
1046893
-7021810
-4705413
-2176218
-3938650
1971518
-8354286
-993141
2613176
2587656
-5886712
50520
3859514
1428588
-507176
-3130779
3699120
8267978
7920728
-7005164
-3625857
-5576525
4421583
-7391140
7131544
8381048
-961448
-716378
-4934574
-7913239
-3567285
-1640722
8329436
7444423
-6608494
1214830
-597199
6887291
1466116
-3543756
5161475
-6272309
-462783
7089575
-1896987
-7789553
-4684948
2536196
-6636463
-2106438
-4442728
-8159616
6584728
-1787099
-6748130
415636
2866681
-5743249
-5346334
7782379
7213855
4546677
5587792
-1685464
4745350
8011572
-7273245
-1139479
-1734587
-336859
-2973363
825746
3384832
3400710
857966
5050183
-240794
6517037
6937961
-3066451
-1768102
4948852
-836153
-459557
2105906
-5158122
-3150987
-3708803
-5965748
7349808
2870998
-8100745
2994855
5384803
5660746
-4457043
4635339
-1955423
6465685
4355755
-6296614
-7721078
6981271
6307473
-4253454
-4872475
-1296353
5132100
-5880396
-7625224
1102681
-5176346
-2922734
-6584876
-8003406
7954216
-5331534
-8037225
3673692
-5282555
788321
5612685
6117181
-5940916
-7354934
5731879
-5625312
-905622
-7331315
-6509212
7397155
1730762
6802579
797034
3740920
-7708518
6414786
3227141
-1813324
-7607141
-1601794
3572227
5049332
2984301
-6925182
283405
4284304
-6572228
-3844362
-4005428
992570
183970
6599401
3679708
-422870
-5957885
-930115
228340
-549208
-8200839
-2765366
-5995523
-5154848
-3222259
7181051
-7371549
3960577
-537575
-3831760
590978
-6146558
-6103942
4591172
-208819
2578728
3485636
7058774
3530935
-6062316
6339554
3095283
-3533116
1021292
2667172
-117333
-3379665
3557260
-372192
-4124048
-6063678
6579214
-5101570
6298041
5528971
5725275
-7439622
-1872616
-3108573
7472162
-5367931
1984459
7718106
-7610616
-2415992
-4998624
-5636516
-1894682
-103473
5970510
-1836506
-4396873
1456698
5557450
5446368
3677891
-8306424
-1803202
-2481483
-5462932
-4790272
5734134
1319036
2009655
5844023
-6549855
-5786625
2676831
1173660
1039799
8147490
4957070
-2790303
8265469
6627139
7782604
-1099220
-5954717
7306732
6655246
4215635
-377888
7363265
-4820368
-1522431
-7476386
3100236
3806813
4083653
633825
6607549
-1522146
-5519073
-5796524
5980755
5148734
1966277
1453751
-7188909
-5018055
-6105703
8045067
-4043833
-2942624
2848538
-2993668
-4612971
4038602
7813104
7306119
7485072
3603514
-6994068
7981631
-3158679
6745812
-7350235
-4745991
-7706609
2565396
-6868698
-2222467
4947566
4585203
2282785
-5477660
4732204
1686518
-679738
5804739
-284209
8185804
-8165519
1352776
-6577397
-313305
-4120356
4374965
2701667
-1865846
-2722253
-8011616
-1183785
-401124
-8194256
5582903
2310947
-4552432
-6259059
-2401430
-4903471
5727445
3216814
-719689
928816
-1663177
2083606
-2257472
-8220908
1959366
-8152295
3337624
3281742
-1671578
-347126
1819267
7401025
3702530
1434158
-1877516
-2278133
-2347356
6557808
-3657927
-1452256
3589556
-4177658
-7005912
-3195515
1776224
-4298949
6451876
-2892724
5895230
7661810
3685652
3797692
5985799
-7656463
-1154083
6556762
-8385833
5727154
-3909886
6696973
6979884
-6387524
3394049
-997551
3019470
-4973025
1752798
-6168393
-7765715
8031769
-1287962
5768935
-3848963
5203390
5926079
3250260
4230530
2198224
2307054
1050875
-8216906
-3184542
-2565761
6260158
7207172
-629470
-5504451
6791966
4445412
-6158552
-7617927
-2831282
-2256597
2115247
7846267
2378744
-3940433
7241910
853554
5303165
5837757
-8003601
-1377106
-1653285
1384141
510883
2995480
-3889646
2125778
4919483
-1246275
354574
-1496743
5130312
-3439590
1191517
8047869
3113043
-386256
1969447
-5767282
-5938461
-4861204
-8136608
1296613
-2887214
-2694990
-3584558
-2832666
-3748002
-4120150
7446666
625276
-3299208
-3798881
-3442534
-2831324
3278928
7933052
-7738986
848335
5413963
1346899
-7161427
6607532
-1317764
8043992
6703947
-1355505
-3370377
-720349
2008024
-8175655
2168594
-4138051
737060
8025724
-906832
4542462
5997073
6399112
-7613604
-5055941
4387166
-4756864
2728258
7025423
5916134
6743303
2553250
-2284510
-3583672
8318443
754147
2514458
-6598336
7995536
-4248874
289968
292890
-242868
-7440588
-4826014
-487484
5656328
-4126257
-2574810
1057043
-2212280
-8154836
-6619962
5981568
-2118585
3357783
7572202
-7946931
7802455
5578192
3663690
-5830753
551568
-5848164
-4124550
-4936476
-911062
2601641
1571862
-7987031
-4497883
8027058
-4434566
-8343576
-4600531
-3702270
79998
1813337
-6666616
3283840
-5447618
6551200
-579930
3422389
-4480735
2130265
-7186300
4244594
-3037434
936235
8032099
-2336216
-5427938
3108196
-3098785
-739461
-333750
2520685
-6455441
-6423756
-1472925
-1107701
1787607
-7706682
588894
443365
-4430788
-1023469
-3726180
615979
-6208484
4397633
-678564
-6327786
-7163866
-2322400
-5067335
5037578
4880743
-5603018
2789585
6815097
-7235004
2813150
705739
-6746367
-1282493
3216253
6506932
-4751274
2474118
2390180
-3449477
8153529
-6034642
4319653
3463161
4514239
-5648083
7028660
2802294
7236950
-2737688
2067720
-4117180
2178113
3377946
-3288278
-819160
-4312743
7662241
-1181631
-3512624
3255306
1529118
6563497
539060
-4242458
7153439
-6964199
4766987
-5519728
-4593762
8150491
-6625517
5704561
-7488511
2144665
-6071033
-1010328
-5084172
2512955
-4035356
-6833223
3694749
1028707
5175774
-2816848
-7346041
2494744
-2835832
-511263
3832971
-7723255
-3053713
79098
5350429
-4612660
-122315
6515700
6094094
-3004485
3585723
8138784
-2228942
-1883969
-6654245
-5745902
4860156
8135436
-3099327
1129436
5567355
1545387
-3996945
4028843
5246672
-2384570
-8103461
5513584
1704463
5560203
-3148652
-1493037
4342004
-7688201
7949824
757828
-7473162
523597
7872669
2684908
7544773
4296120
5492914
-822567
-5630797
725125
-6246844
-3586403
-6270611
5810600
5442295
-6179747
-4089121
-1057909
-2312384
1302439
2624275
-6016201
-5890088
1649477
4706554
3615003
4811588
-2674138
-3212187
6424238
-5751294
65060
5524624
3448443
-2148106
-3812468
-152493
1977561
2821223
7388361
-3848823
-4478807
7479087
-25881
5953957
6286875
-3125222
1884835
5725193
-5883762
5807674
-4431932
-8237607
-2763470
-2076785
-7339845
-2440897
4306466
-609526
3980547
-639432
4114181
-3630830
3434636
-2004569
7000185
-3700473
-3316495
4436220
-4990527
-7447385
-4926772
-7794893
8357226
-4092053
6898463
-8354811
4404753
-93613
5552186
4948194
-45622
-5425040
6867256
-5687099
-1158599
-4689571
3728989
-4716225
-1698397
-649846
6141708
-1391678
-386949
403327
-6277321
-7856969
-937216
6158498
-4206617
1078407
-5206497
-3048751
6744168
8182388
5479447
6411825
-1500825
-2235121
-2267376
-8136528
-4417101
-5961782
-1801110
6668935
7236820
-2873928
-5706277
-4281441
-6507559
-75904
1019699
6348769
4359016
2884967
-6828034
-7230718
8289271
-7300902
7722053
6397874
1616373
4762429
6413380
374622
-2751200
7348897
-1610108
2563322
3651155
-840346
3705536
4821820
-3383540
6652726
-8134185
3662008
-3879413
-7948226
-3965041
6646070
4046238
6788923
7127495
2213529
-3309231
4109899
3589575
5523967
2370834
-3829681
6097288
1236552
-7313729
-3523015
-156911
-2444334
-4661158
-5663610
-2070020
237260
-1052875
-4796778
-3382346
3465920
6139804
-3354702
461984
6536729
-2079903
847709
-8261555
4664959
-4159579
2189827
1203562
2013940
-4981306
-3947959
8086236
1981573
6298873
-1323752
-4918443
-7625274
6506974
1783519
7693215
1054484
-4002803
2723976
-1534936
-8329704
-927089
-5222124
-8077043
-1431429
-4236108
-51261
-3212010
-1484157
8236839
-5104918
7935164
8136743
-5660340
-3240708
-3492355
7169824
5053532
-5288256
-6414373
-2388200
7281
4939346
4676676
6215211
1735941
-2547481
-1225445
-1688383
-281350
7030259
-5136290
4394788
-1792627
6726609
6500559
-6744085
8067838
-266562
6430876
2414045
6701283
5382168
-6527622
-4805758
-1622004
73081
-695771
3074898
1732658
1095715
-3956360
3987809
-7535355
3877464
2004947
5453346
234525
-3753453
3366959
2450900
-1245568
511246
4446588
2080567
6770854
-1838948
5333642
-1113021
-4439244
2496166
4187268
-3608898
-2381378
5448413
-4958560
2745113
-1925418
-5925939
-3744490
7131098
3988336
-4586891
891825
-1146638
-4218786
-5427540
-5258523
-3228456
3255294
-1082764
6847194
-478673
4556430
-5136404
-6294443
-6848190
2001247
-4530644
4409344
2466943
-5523530
6783980
7954235
-6057936
6479321
208626
-2058283
3377659
-5458154
-7137751
-753564
4604433
-172835
3760606
-1596822
2788375
7032759
2808099
-5512309
-809480
8033606
-6919940
-5018836
7672555
2718830
7923683
256625
7410406
-1642130
6326027
-5001014
4735130
-4621480
-4158264
450986
1136790
4244475
2995336
2135923
-5577743
-227461
-1777451
-918943
1589026
894267
7173419
-2873493
-6217061
1294340
1624496
5284909
-2065273
2529489
-4381553
4132621
-2078817
8067946
-718364
816750
-3080817
-106756
521030
7115260
-621440
-2225732
8316762
996504
-7499354
-3313552
-3161111
5810890
1671558
5898419
-3580320
-4870295
-4556259
-2827576
4547192
-1751500
-6967842
-4948173
-892056
7110937
1938753
-4266588
4855519
-391268
-1878214
-4781310
843519
3626956
-4170758
5869104
6369544
-3824556
-5379240
-3684801
-2981237
-1207881
5744089
5320261
2254014
3940164
-4482054
7227754
7382082
2517170
4839313
-6426665
-985890
3343843
5879953
6429415
797148
5292479
-7439720
-4684788
6679715
2762052
3431391
-5605571
196610
-2807803
5475467
5406153
-2592089
-6001435
-1075767
2649784
164691
6378912
-3504123
1123999
-2937662
-1962429
-1658967
7309067
-6195762
-6418920
7513813
-6499066
4212974
-680813
5278795
-943506
562603
-3997011
-7724035
-7624619
3092369
7880071
-8229798
-1709543
3153909
1440567
-3677367
7852501
5770863
-6844343
6712400
7193992
-3475081
8088401
-4035889
3065081
2755227
6727854
8050438
7520772
-3899290
6037397
8239560
8144927
2437762
7263438
-5084620
-850815
4889215
-2600069
-4321963
705911
-1632119
-4614477
1506277
-3762337
-2409137
4924996
5776076
-7085041
6311353
1691183
-1310912
2010865
-3434608
3493443
120265
-2484066
4553223
-4181704
-2538217
-2778962
4229390
-2249513
186933
-580006
3959878
-7603145
1142336
663582
-11726
-6666061
-3029040
7442324
7101221
-4380918
6790179
4850395
169074
5085136
-5568062
-2978819
3044901
3550126
-1288116
6102617
5595769
-6827326
8300713
-3585866
-4361519
-7779723
6609596
5848307
7095929
-447961
-2509759
3614380
-5843663
3531787
-7658885
-248541
-651446
-4637212
-7615732
5442776
8282339
7565176
6272980
1660796
3189353
7156726
-254186
-6877416
3142817
-2584533
533639
-7607290
-7550168
4969626
5935933
2513723
70957
-4548946
370995
-2762728
-8180322
-7232380
-5612799
-1967221
2751098
2695568
-6199350
605571
-5181217
-7517873
-7401917
8267401
-6931597
-7442876
3151392
-670928
6474727
6138492
-7447189
6541015
6101814
-5271125
6630396
822797
7365464
-5056467
3885340
-1753426
-7949099
5974697
6958565
-3592435
-5486753
3630400
-8349342
7107330
-6962332
-4146209
-6479654
-1108604
7819933
-2770981
-8103334
3768363
-4695043
7383243
-6496667
5653933
6767263
-5398830
-4045670
5817537
1518419
5072937
-2689538
-3131879
5808473
3931461
6440459
-7379882
-592607
-6138266
1154041
2681112
-2265567
2835946
-1904715
-4011100
-1475469
6157001
-6892553
-3228623
7107476
3487848
5587747
7515887
2788755
-3072902
-6922732
-7471775
2029981
4459479
4294825
3669749
3957363
-7255620
5755219
1405499
5437506
3863186
5583370
2155218
-7439391
1703836
3800556
7481592
-6835835
197953
-1822122
-3745460
-4928162
-906935
-5999203
6697556
-354751
8015437
-2240846
-3271602
-1205718
2341337
-358014
3582447
6643240
3165793
3672534
-8002040
-369831
-5605225
5500180
-6507680
-8135689
4220042
-7870532
6847290
8046465
-419614
2554791
3082851
-1613210
-5687354
-4526421
-5814752
-1781093
-7718043
2416913
-3158808
5291942
-6748656
8345123
-4235944
1559092
5636068
-4663079
-6416555
-780635
-571975
-6216239
1085581
1023689
-3216947
5928813
-3972578
-7278787
6801565
5014075
-8337858
2743800
8106489
-7753788
-5186073
-3109427
-3243402
-872531
-2531370
-514328
423470
-622890
4830938
-1858887
-7998251
-1261217
-1626377
2176248
-2453982
-2028272
130061
-2646130
-5997317
-4032015
3581056
-3476262
2689094
4751906
-5370395
5389778
2535660
3763352
6511533
980101
-3235689
7233940
3831316
-2817968
-1456126
-7274060
-4938252
3227234
1903138
-2586948
5075259
4927327
6621614
-186464
-6472320
6136796
-873764
-376455
1574509
5274172
5240336
-214468
398070
-3579841
6656196
-1687860
-5706136
-7683239
-366439
5692117
7972042
-4584681
962036
2958986
-7756726
6385796
954558
7920677
1082511
-2432268
-3262281
-5161924
7920357
-1889827
6318505
4709522
4865387
-3286299
2324316
-7147943
7724773
-2808691
-1167747
5453673
3198279
-4729626
7337691
-7130520
-3174034
-490905
-7505041
-7453486
-5178892
-2345236
5554703
5209405
1657259
-5177405
-1057148
-5159456
735272
-6358486
2511297
2086306
-1638268
-4165564
3370112
4823758
1684679
-787483
6102809
7062234
-3930761
-3672064
-4716977
1438221
-5966177
5216018
-3364065
1383797
4550958
3989190
2057584
-1441998
-3735407
-5485737
7800952
-5886440
-846147
1089310
-5762207
-360144
-5703358
6342886
4994589
1375490
3071519
-4792124
1496829
-1024213
-4668880
-3588393
4603637
-284305
6870999
4888517
-1638041
2825641
2636749
1895825
1855998
4482606
2308709
-3246607
-7930599
-2554336
-8277438
-6077957
-7694583
2173437
-3582422
987818
1696080
-4635898
-6454664
1291151
7860087
-6249920
-3916405
3055591
-4549975
5594189
-4126949
-4941240
-2776611
8388607
-4034655
-5339613
6458955
-3778296
-30365
-7938165
7495771
1160108
6989624
4283142
-8166701
1279736
5978991
-2963678
-2906754
-7157050
-2670934
4264956
-1633338
3750819
-5572253
-7768714
6106227
-8278733
6818291
6520601
-33678
-3398839
2897155
-6004208
6898791
8046989
4880279
-4301005
7768148
-2136887
-3304452
-7158626
-3670389
4714351
5980710
-2221832
3523229
-4294260
8298873
-5753120
8038352
-894261
-6381158
6067259
-2214454
-4179797
-4242276
-1395797
-4381227
-4761417
-6209856
7797066
-6619917
-4374594
-1179012
-6969830
-7831023
568230
-2058835
3618751
510074
-7197029
277404
3675245
-6999746
2870183
-4426477
-4408472
8207873
2616592
3128330
-2258659
3704347
2822470
-4394821
7046242
3214217
3702152
7282092
3928397
3054481
-8196394
-2711442
4164435
-3235351
786852
-4771432
5617130
-8058425
5394516
1749679
-7325853
-1080045
-3255616
3695470
3637822
-2578416
-491974
-199785
5394085
1856044
-2458353
-7995826
3109104
-3129637
1612008
3326145
-4886310
6448506
1981048
4212231
6106574
8017998
-7241600
-4225995
-1613029
5728344
-1346721
1589116
1477904
-8217619
-930412
-4624544
-3353018
4821299
-2701766
-4429300
-4310884
4142200
-2530710
-2213269
2329559
-3400660
-6702377
4533543
-5755671
4190078
4499751
-1282991
5565983
-6720905
-2748384
8210541
5885653
2638154
-6170135
-420082
-2779587
-1934856
-7666856
6061610
5097823
-5834928
5623103
-6307028
-6121722
5111312
-324174
-4611412
291824
-4957953
-4379895
935087
289419
1906736
7523251
2774181
-1969076
2451254
-5280964
7715580
-5407282
4593197
-3048854
-3181507
-6993687
6349787
758604
6146193
-7500475
-5598433
1091302
8028849
4142084
8158398
-2956182
-8185982
4570816
-561448
-2305831
2478573
-6202237
232810
-1777133
276057
-7374668
217370
6181453
1605936
-5872803
-2129115
5670642
-522165
-7556183
6057211
638457
-1244131
-7110172
7087453
-5310573
-250431
1770723
3484440
-3428752
-1978505
2063577
-2250276
-4103689
-4457822
694961
7944551
3694457
-3319001
-8198651
-7284939
-4298655
-6038444
-2409726
4302687
-6662744
4881432
-2055841
3040321
-7449709
6113378
-5395852
-8081862
4753715
1500833
-4230975
3504158
3317417
735378
3305895
8256821
2276806
1193239
6873166
-5383118
-3092832
3948018
-6776088
-755866
-2603599
6631626
6134060
1495799
-4090896
-5931835
-5669997
7622521
6987951
-3256304
2684459
6357442
-5819919
7016903
6119464
5675180
1225375
788249
-6418839
-6027895
5476505
-3264642
-6843494
-3940893
-6165939
2296259
-7611709
-2301841
-3288150
4213003
-1743557
-5585874
-1400681
5892058
-7338550
-6527158
-6199456
-5303908
-4834858
-805452
2747540
8113328
-6140060
1781019
-6472433
2377499
6878870
-7124842
6720750
-7977858
-3313490
3937380
93748
-813469
-3804950
7397874
-1321531
-7737811
3191886
-6211000
7177478
-561650
4441818
2566950
-896981
-4283066
7558802
-1441495
6880066
-7085870
-6013814
-296790
3207519
8189313
-2812193
-1434713
5124303
3705156
-172675
-5760973
-3859815
6342707
6453247
-5088811
4200688
8120818
-7874833
1595910
-3237829
-4806782
8279342
-1986169
7622264
3323192
8131130
-2142018
-6123477
780381
-2307191
6820386
-87762
8066094
4160129
-7868503
665584
-7559095
2919819
-703100
4790286
7639852
8160255
-2188772
-2299557
-5329518
3739914
-1978694
4052527
2636357
5486370
2656394
-8020292
-6616683
-1466971
-4364261
-4993042
-2201964
3537803
4480769
7464427
4564968
4590247
5432142
6202203
-4966137
8014432
7815632
734777
-2650295
-6280251
-6906142
-1563492
7579420
-5715210
1175032
8376534
-6541255
8072715
7058547
1312441
-1387717
487281
-3050570
762757
-7692212
-7794570
-1066951
-6396982
852571
-1575988
-680101
-3483821
4176912
-6391848
-2495895
-6414850
-5083946
1313577
6373965
1443130
-7155683
-397398
1243245
4212471
7446646
6198532
-2716717
2496235
-6751743
-4671456
-173392
-4889631
5713523
5091807
1152826
-4411727
-7726166
5850942
-733293
-4111256
6901664
-7863535
6505474
8105453
-3071664
6640655
8294558
-3379351
2659681
-1762956
-3718915
6580933
8091872
-8182237
-4342522
-4441919
-8302723
-4027900
5008966
-2679696
3593410
-6649527
-7895126
-6042073
