30
303
883
-1512
1397
1424
-676
-283
-1040
-1095
1801
-111
-1077
-1936
-1914
-1845
-77
-412
-1024
-461
1059
-1098
456
-297
-644
736
-717
-1355
-1933
-1702
779
-1118
1804
-399
-932
-1724
1564
-1586
-2048
1812
1256
1290
533
1851
1337
1375
-1633
-16
1357
54
-401
-180
774
-128
668
68
-2
384
1890
-1674
-1791
1798
-1962
-208
-1701
1190
-581
2019
-2030
1860
1044
-1331
246
-284
1116
1645
1040
-284
529
-886
1037
1233
866
-1055
1379
870
1393
-105
-565
-624
-45
519
-1185
1581
274
-777
590
-1522
-54
1567
1551
569
276
389
1934
1025
-423
-942
585
663
1462
1674
354
1264
844
258
-782
-1224
-278
220
568
-295
-554
883
1883
-1419
-1471
203
1702
-391
-1357
-949
-521
1712
-1673
1939
-295
-1496
-1786
1841
-686
1784
758
-298
-1678
-173
1332
2010
-2033
-1209
-1227
-1384
-961
1123
-814
-320
1279
598
1326
477
1049
-1243
-727
-155
1799
-1115
-942
572
-405
-574
279
-1715
-207
1054
995
1226
-111
-753
1486
-1485
149
-1634
-789
-1841
14
1277
1079
-1312
-1944
264
-1310
-1258
1424
16
1841
1417
1062
10
-1775
723
-1347
-237
1391
-98
1225
-964
-1380
1929
1601
623
-1753
-1458
1860
1540
-348
458
308
-1746
1682
1909
1779
191
902
-1446
1427
1003
-376
998
1488
1319
1771
12
398
1378
-1028
1688
1431
1869
-412
-1477
-1983
-1149
-657
2047
108
1197
313
205
-948
-2000
627
1904
639
-840
-167
-544
